================================================================================
123456789 123456789 123456789 123456789 123456789 123456789 123456789 123456789 
================================================================================
01 12345678901234567890123456789012345    17 12345678901234567890123456789012345 LINE 04
02 12345678901234567890123456789012345    18 12345678901234567890123456789012345 LINE 05
03 12345678901234567890123456789012345    19 12345678901234567890123456789012345 LINE 06
04 12345678901234567890123456789012345    20 12345678901234567890123456789012345 LINE 07
05 12345678901234567890123456789012345    21 12345678901234567890123456789012345 LINE 08
06 12345678901234567890123456789012345    22 12345678901234567890123456789012345 LINE 09
07 12345678901234567890123456789012345    23 12345678901234567890123456789012345 LINE 10
08 12345678901234567890123456789012345    24 12345678901234567890123456789012345 LINE 11
09 12345678901234567890123456789012345    25 12345678901234567890123456789012345 LINE 12
10 12345678901234567890123456789012345    26 12345678901234567890123456789012345 LINE 13
11 12345678901234567890123456789012345    27 12345678901234567890123456789012345 LINE 14
12 12345678901234567890123456789012345    28 12345678901234567890123456789012345 LINE 15
13 12345678901234567890123456789012345    29 12345678901234567890123456789012345 LINE 16
14 12345678901234567890123456789012345    30 12345678901234567890123456789012345 LINE 17
15 12345678901234567890123456789012345    31 12345678901234567890123456789012345 LINE 18
16 12345678901234567890123456789012345    32 12345678901234567890123456789012345 LINE 19

================================================================================
123456789 123456789 123456789 123456789 123456789 123456789 123456789 123456789 
================================================================================
                     01 12345678901234567890123456789012345    LINE 04
                     02 12345678901234567890123456789012345    LINE 05
                     03 12345678901234567890123456789012345    LINE 06
                     04 12345678901234567890123456789012345    LINE 07
                     05 12345678901234567890123456789012345    LINE 08
                     06 12345678901234567890123456789012345    LINE 09
                     07 12345678901234567890123456789012345    LINE 10
                     08 12345678901234567890123456789012345    LINE 11
                     09 12345678901234567890123456789012345    LINE 12
                     10 12345678901234567890123456789012345    LINE 13
                     11 12345678901234567890123456789012345    LINE 14
                     12 12345678901234567890123456789012345    LINE 15
                     13 12345678901234567890123456789012345    LINE 16
                     14 12345678901234567890123456789012345    LINE 17
                     15 12345678901234567890123456789012345    LINE 18
                     16 12345678901234567890123456789012345    LINE 19

================================================================================
123456789 123456789 123456789 123456789 123456789 123456789 123456789 123456789 
================================================================================

                     01 12345678901234567890123456789012345    LINE 04
                     
                     02 12345678901234567890123456789012345    LINE 06
                     
                     03 12345678901234567890123456789012345    LINE 08
                     
                     04 12345678901234567890123456789012345    LINE 10
                     
                     05 12345678901234567890123456789012345    LINE 12
                     
                     06 12345678901234567890123456789012345    LINE 14
                     
                     07 12345678901234567890123456789012345    LINE 16
                     
                     08 12345678901234567890123456789012345    LINE 18
                     
================================================================================
123456789 123456789 123456789 123456789 123456789 123456789 123456789 123456789 
================================================================================

